1 2 5
1 7 8
1 15 20
1 5 12
1 8 15
1 9 20
2 1 5
2 3 4
2 4 8
2 6 5
2 16 10
3 2 4
3 7 7
3 17 14
3 11 8
3 4 4
4 3 4
4 2 8
4 8 4
4 19 30
5 1 12
5 9 12
5 12 10
5 11 3
5 17 5
6 2 5
6 7 5
6 10 15
6 15 12
6 16 8
7 1 8
7 3 7
7 6 5
7 16 7
7 18 15
7 17 5
8 1 15
8 4 4
8 9 8
8 11 4
9 8 8
9 1 20
9 5 12
9 20 10
9 14 5
10 11 6
10 6 15
10 9 6
10 14 14
10 17 6
10 15 12
10 13 5
11 3 8
11 5 3
11 8 4
11 10 6
11 14 15
12 16 6
12 17 4
12 5 10
12 14 12
12 13 4
12 20 6
12 18 5
13 10 5
13 12 4
13 19 6
13 20 4
14 1 25
14 9 5
14 11 15
14 12 12
14 20 6
15 1 20
15 6 12
15 10 12
15 18 5
15 19 9
15 20 16
16 2 10
16 6 8
16 7 7
16 10 8
16 9 20
16 12 6
17 3 14
17 5 5
17 10 6
17 12 4
17 7 5
18 7 15
18 12 5
18 20 9
18 19 4
18 15 5
19 4 30
19 13 6
19 20 4
19 15 9
19 18 4
20 12 6
20 13 4
20 9 10
20 14 6
20 18 9
20 19 4
20 15 16
